[a_pid]
kp = 0.026
ki = 0.0003
kd = 0.009
dt = 0.0166666666667
min = -0.018
max = 0.018

[y_pid]
kp = 0.061
ki = 0.0015
kd = 0.098
dt = 0.0166666666667
min = 0.02
max = 0.29

[x_pid]
kp = 0.101
ki = 0.0
kd = 0.186
dt = 0.0166666666667
min = -0.54
max = 0.54

